003
005
007
010
011
015
016
018
020
024
025
028
032
039
040
042
044
047
048
050
052
054
056
057
058
059
060
062
069
070
071
073
075
076
077
078
081
085
087
088
090
092
093
094
099
100
104
106
107
108
110
113
115
116
117
118
120
123
126
127
128
129
132
136
139
141
142
144
146
149
150
151
153
154
158
159
160
161
162
167
168
171
172
173
174
175
176
178
181
182
184
188
189
190
191
192
193
196
198
200
002
012
013
017
019
021
022
026
027
030
041
045
046
055
061
063
064
065
067
068
074
080
082
089
097
105
109
111
122
124
125
131
133
134
137
140
143
145
148
152
155
157
164
169
170
177
179
194
195
199
